0.000000000000000000e+00 3.489303540990563306e+02
5.000000000000000000e+00 3.489303456130858194e+02
1.000000000000000000e+01 3.489302587462944416e+02
1.500000000000000000e+01 3.489297178098621544e+02
2.000000000000000000e+01 3.489283778542650225e+02
2.500000000000000000e+01 3.489256086818165841e+02
3.000000000000000000e+01 3.489205451016238158e+02
3.500000000000000000e+01 3.489122899048298905e+02
4.000000000000000000e+01 3.488993706605941725e+02
4.500000000000000000e+01 3.488813767237963930e+02
5.000000000000000000e+01 3.488563249179701415e+02
5.500000000000000000e+01 3.488228015731523328e+02
6.000000000000000000e+01 3.487756059966337716e+02
6.500000000000000000e+01 3.487179487133591920e+02
7.000000000000000000e+01 3.486459052044958185e+02
7.500000000000000000e+01 3.485555104354288574e+02
8.000000000000000000e+01 3.484440259671341664e+02
8.500000000000000000e+01 3.483129722767470753e+02
9.000000000000000000e+01 3.481572833710994246e+02
9.500000000000000000e+01 3.479717781369086538e+02
1.000000000000000000e+02 3.477506904834746138e+02
1.050000000000000000e+02 3.474967835938276153e+02
1.100000000000000000e+02 3.471960924615716522e+02
1.150000000000000000e+02 3.468587668436206286e+02
1.200000000000000000e+02 3.464738090967083508e+02
1.250000000000000000e+02 3.460389348250897115e+02
1.300000000000000000e+02 3.455364590170568135e+02
1.350000000000000000e+02 3.449762135076224467e+02
1.400000000000000000e+02 3.443448819823310032e+02
1.450000000000000000e+02 3.436551688955139525e+02
1.500000000000000000e+02 3.429038644727913834e+02
1.550000000000000000e+02 3.420907889084248836e+02
1.600000000000000000e+02 3.411589591507786281e+02
1.650000000000000000e+02 3.401434330480478820e+02
1.700000000000000000e+02 3.390465786315592709e+02
1.750000000000000000e+02 3.378531369360748613e+02
1.800000000000000000e+02 3.365538259480643433e+02
1.850000000000000000e+02 3.351580919145096686e+02
1.900000000000000000e+02 3.336486846839554801e+02
1.950000000000000000e+02 3.320440945468600376e+02
2.000000000000000000e+02 3.302758355862669646e+02
2.050000000000000000e+02 3.283815381271912770e+02
2.100000000000000000e+02 3.263670603354947843e+02
2.150000000000000000e+02 3.242046768346739327e+02
2.200000000000000000e+02 3.219245708299249600e+02
2.250000000000000000e+02 3.195260701614866434e+02
2.300000000000000000e+02 3.169703078072147377e+02
2.350000000000000000e+02 3.142923177689912109e+02
2.400000000000000000e+02 3.114170827680573552e+02
2.450000000000000000e+02 3.084949979521252317e+02
2.500000000000000000e+02 3.053630871352874578e+02
2.550000000000000000e+02 3.021182867906679803e+02
2.600000000000000000e+02 2.987469240031859385e+02
2.650000000000000000e+02 2.952145993264921344e+02
2.700000000000000000e+02 2.915462641806785200e+02
2.750000000000000000e+02 2.877852835369337754e+02
2.800000000000000000e+02 2.838181545138283468e+02
2.850000000000000000e+02 2.797015606294529562e+02
2.900000000000000000e+02 2.754969365425981778e+02
2.950000000000000000e+02 2.711950504573231910e+02
3.000000000000000000e+02 2.668100083032002772e+02
3.050000000000000000e+02 2.622312518756342570e+02
3.100000000000000000e+02 2.575768231035924600e+02
3.150000000000000000e+02 2.528586194447254059e+02
3.200000000000000000e+02 2.480566207244462476e+02
3.250000000000000000e+02 2.431102556756319188e+02
3.300000000000000000e+02 2.381901588544273807e+02
3.350000000000000000e+02 2.331129632199834987e+02
3.400000000000000000e+02 2.280770330140829287e+02
3.450000000000000000e+02 2.229023950436701398e+02
3.500000000000000000e+02 2.177143881769266613e+02
3.550000000000000000e+02 2.124626279432412161e+02
3.600000000000000000e+02 2.072102313997923204e+02
3.650000000000000000e+02 2.019339487560527573e+02
3.700000000000000000e+02 1.966832377805126839e+02
3.750000000000000000e+02 1.914040024309719570e+02
3.800000000000000000e+02 1.861084064145673551e+02
3.850000000000000000e+02 1.808692614499420301e+02
3.900000000000000000e+02 1.755910477918164645e+02
3.950000000000000000e+02 1.703210772793618162e+02
4.000000000000000000e+02 1.651351044876757328e+02
4.050000000000000000e+02 1.599416489288371679e+02
4.100000000000000000e+02 1.547732632831703654e+02
4.150000000000000000e+02 1.496799386927788476e+02
4.200000000000000000e+02 1.447221452667829169e+02
4.250000000000000000e+02 1.397531626622495367e+02
4.300000000000000000e+02 1.348092046807158795e+02
4.350000000000000000e+02 1.299111779963407685e+02
4.400000000000000000e+02 1.251750188583213514e+02
4.450000000000000000e+02 1.204719549878481644e+02
4.500000000000000000e+02 1.158508011222711218e+02
4.550000000000000000e+02 1.113104257826374663e+02
4.600000000000000000e+02 1.068170915028566128e+02
4.650000000000000000e+02 1.024643576801440190e+02
4.700000000000000000e+02 9.825428877513368775e+01
4.750000000000000000e+02 9.409090324990928877e+01
4.800000000000000000e+02 9.005257384958824218e+01
4.850000000000000000e+02 8.609127430179272267e+01
4.900000000000000000e+02 8.222985100616558896e+01
4.950000000000000000e+02 7.847861295314118024e+01
5.000000000000000000e+02 7.485410044477276870e+01
5.050000000000000000e+02 7.127580241338601752e+01
5.100000000000000000e+02 6.777895268498164683e+01
5.150000000000000000e+02 6.442316923733599765e+01
5.200000000000000000e+02 6.121302244597795550e+01
5.250000000000000000e+02 5.808148330200368292e+01
5.300000000000000000e+02 5.500907826879610951e+01
5.350000000000000000e+02 5.207688522767180217e+01
5.400000000000000000e+02 4.922032047941067390e+01
5.450000000000000000e+02 4.647032856032611647e+01
5.500000000000000000e+02 4.379985557221151282e+01
5.550000000000000000e+02 4.131056985363248657e+01
5.600000000000000000e+02 3.885922321254054879e+01
5.650000000000000000e+02 3.651810511172203633e+01
5.700000000000000000e+02 3.426954526716274785e+01
5.750000000000000000e+02 3.216497625764287704e+01
5.800000000000000000e+02 3.012082658589773132e+01
5.850000000000000000e+02 2.818822684819393132e+01
5.900000000000000000e+02 2.631693305028210972e+01
5.950000000000000000e+02 2.451907496404482956e+01
6.000000000000000000e+02 2.282709758155094448e+01
6.050000000000000000e+02 2.120571916218669273e+01
6.100000000000000000e+02 1.966378136117425512e+01
6.150000000000000000e+02 1.822907613818068739e+01
6.200000000000000000e+02 1.687232935357822328e+01
6.250000000000000000e+02 1.561000821248953230e+01
6.300000000000000000e+02 1.438950152463485033e+01
6.350000000000000000e+02 1.324683480387438728e+01
6.400000000000000000e+02 1.215722640453184411e+01
6.450000000000000000e+02 1.115160538407835489e+01
6.500000000000000000e+02 1.020174426879274776e+01
6.550000000000000000e+02 9.298695856955033534e+00
6.600000000000000000e+02 8.467513060848748552e+00
6.650000000000000000e+02 7.712914789359809120e+00
6.700000000000000000e+02 7.003908553305267404e+00
6.750000000000000000e+02 6.337232800761832152e+00
6.800000000000000000e+02 5.731513327939614655e+00
6.850000000000000000e+02 5.159475596369549777e+00
6.900000000000000000e+02 4.656866832566209702e+00
6.950000000000000000e+02 4.164071115540263435e+00
7.000000000000000000e+02 3.771598997713066392e+00
7.050000000000000000e+02 3.395881315285763868e+00
7.100000000000000000e+02 3.014645971583653328e+00
7.150000000000000000e+02 2.682796071087844680e+00
7.200000000000000000e+02 2.388407215149631835e+00
7.250000000000000000e+02 2.089424791325597663e+00
7.300000000000000000e+02 1.842818441958999243e+00
7.350000000000000000e+02 1.612691775650096693e+00
7.400000000000000000e+02 1.399745879335688947e+00
7.450000000000000000e+02 1.208169979252329052e+00
7.500000000000000000e+02 1.037730249985898245e+00
7.550000000000000000e+02 8.669140569325419765e-01
7.600000000000000000e+02 7.346042126119568527e-01
7.650000000000000000e+02 6.265640513672794398e-01
7.700000000000000000e+02 5.054658673206448016e-01
7.750000000000000000e+02 4.028433868679350827e-01
7.800000000000000000e+02 3.071016091655808800e-01
7.850000000000000000e+02 2.403222079084869067e-01
7.900000000000000000e+02 1.845531210442260817e-01
7.950000000000000000e+02 1.360442293717460116e-01
8.000000000000000000e+02 9.431527590092006474e-02
8.050000000000000000e+02 5.879941825885418027e-02
8.100000000000000000e+02 3.020091283133459481e-02
8.150000000000000000e+02 1.581854238601794471e-02
8.200000000000000000e+02 5.957667631358062009e-03
8.250000000000000000e+02 0.000000000000000000e+00
8.300000000000000000e+02 0.000000000000000000e+00
8.350000000000000000e+02 0.000000000000000000e+00
8.400000000000000000e+02 0.000000000000000000e+00
8.450000000000000000e+02 0.000000000000000000e+00
8.500000000000000000e+02 0.000000000000000000e+00
